0 0.732394 0.754304 0.724570 0.805947 0.723005 0.807512 0.723005 0.815336 0.721440 0.816901 0.721440 0.824726 0.719875 0.826291 0.719875 0.834116 0.718310 0.835681 0.718310 0.843505 0.716745 0.845070 0.716745 0.859155 0.718310 0.860720 0.723005 0.895149 0.729264 0.921753 0.729264 0.929577 0.732394 0.938967 0.733959 0.956182 0.735524 0.959311 0.796557 0.970266 0.810642 0.895149 0.812207 0.893584 0.812207 0.885759 0.790297 0.830986 0.810642 0.809077 0.818466 0.798122 0.779343 0.760563
0 0.823161 0.697966 0.835681 0.727700 0.862285 0.727700 0.863850 0.726135 0.873239 0.726135 0.913928 0.768388 0.951487 0.816901 0.954617 0.815336 0.982786 0.766823 1.000000 0.748044 1.000000 0.693271 0.965571 0.688576 0.964006 0.687011 0.951487 0.687011 0.949922 0.685446 0.931142 0.685446 0.929577 0.683881 0.912363 0.683881 0.910798 0.682316 0.885759 0.682316 0.884194 0.683881
0 0.641628 0.663537 0.641628 0.666667 0.640063 0.668232 0.640063 0.672926 0.638498 0.674491 0.638498 0.685446 0.640063 0.687011 0.640063 0.693271 0.641628 0.694836 0.641628 0.702660 0.643192 0.704225 0.643192 0.710485 0.644757 0.712050 0.644757 0.718310 0.646322 0.719875 0.646322 0.726135 0.647887 0.727700 0.647887 0.732394 0.651017 0.735524 0.652582 0.735524 0.655712 0.738654 0.657277 0.738654 0.660407 0.741784 0.661972 0.741784 0.665102 0.744914 0.666667 0.744914 0.669797 0.748044 0.671362 0.748044 0.674491 0.751174 0.676056 0.751174 0.679186 0.754304 0.680751 0.754304 0.683881 0.757433 0.685446 0.757433 0.688576 0.760563 0.690141 0.760563 0.693271 0.763693 0.694836 0.763693 0.696401 0.765258 0.696401 0.763693 0.699531 0.758998 0.699531 0.755869 0.704225 0.748044 0.704225 0.744914 0.707355 0.740219 0.707355 0.737089 0.710485 0.732394 0.710485 0.729264 0.715180 0.721440 0.715180 0.718310 0.672926 0.704225 0.671362 0.702660 0.671362 0.696401 0.669797 0.694836 0.669797 0.688576 0.668232 0.687011 0.668232 0.683881 0.661972 0.677621 0.660407 0.677621 0.654147 0.671362 0.652582 0.671362 0.644757 0.663537
0 0.311424 0.638498 0.303599 0.773083 0.419405 0.885759 0.433490 0.788732 0.395931 0.765258 0.339593 0.755869 0.355243 0.702660
0 0.441315 0.552426 0.441315 0.553991 0.442879 0.555556 0.442879 0.560250 0.444444 0.561815 0.444444 0.564945 0.446009 0.566510 0.446009 0.571205 0.447574 0.572770 0.447574 0.577465 0.449139 0.579030 0.450704 0.589984 0.452269 0.591549 0.452269 0.594679 0.453834 0.596244 0.453834 0.600939 0.455399 0.602504 0.455399 0.607199 0.456964 0.608764 0.458529 0.619718 0.460094 0.621283 0.460094 0.624413 0.461659 0.625978 0.461659 0.630673 0.463224 0.632238 0.463224 0.636933 0.464789 0.638498 0.466354 0.649452 0.467919 0.651017 0.467919 0.654147 0.469484 0.655712 0.469484 0.660407 0.471049 0.661972 0.471049 0.666667 0.472613 0.668232 0.474178 0.679186 0.478873 0.685446 0.480438 0.685446 0.485133 0.690141 0.486698 0.690141 0.499218 0.699531 0.499218 0.694836 0.497653 0.693271 0.497653 0.685446 0.496088 0.683881 0.496088 0.676056 0.494523 0.674491 0.494523 0.666667 0.492958 0.665102 0.492958 0.657277 0.491393 0.655712 0.491393 0.644757 0.492958 0.643192 0.492958 0.625978 0.494523 0.624413 0.494523 0.619718 0.483568 0.607199 0.483568 0.605634 0.477308 0.599374 0.477308 0.597809 0.472613 0.593114 0.472613 0.591549 0.466354 0.585290 0.466354 0.583725 0.460094 0.577465 0.460094 0.575900 0.455399 0.571205 0.455399 0.569640 0.449139 0.563380 0.449139 0.561815
0 0.996870 0.502347 0.896714 0.502347 0.942097 0.553991 0.923318 0.561815 0.901408 0.533646 0.885759 0.550861 0.845070 0.532081 0.830986 0.579030 0.802817 0.547731 0.776213 0.566510 0.754304 0.572770 0.757433 0.604069 0.796557 0.579030 0.813772 0.610329 0.821596 0.616588 0.841941 0.619718 0.921753 0.619718 0.937402 0.572770 0.987480 0.602504 1.000000 0.597809
0 0.125196 0.456964 0.000000 0.472613 0.046948 0.663537 0.067293 0.710485 0.126761 0.712050 0.158059 0.679186 0.086072 0.644757 0.129890 0.618153 0.161189 0.535211 0.170579 0.472613
0 0.527387 0.464789 0.533646 0.464789 0.535211 0.466354 0.550861 0.466354 0.552426 0.467919 0.568075 0.467919 0.569640 0.469484 0.569640 0.466354 0.568075 0.464789 0.568075 0.461659 0.566510 0.460094 0.566510 0.456964 0.564945 0.455399 0.564945 0.453834 0.563380 0.452269 0.561815 0.452269 0.558685 0.449139 0.557121 0.449139 0.553991 0.446009 0.552426 0.446009 0.549296 0.442879 0.547731 0.442879 0.546166 0.441315 0.544601 0.441315 0.543036 0.442879 0.543036 0.444444 0.538341 0.449139 0.538341 0.450704 0.533646 0.455399 0.533646 0.456964 0.528951 0.461659 0.528951 0.463224
0 0.494523 0.417840 0.264476 0.460094 0.300469 0.524257 0.383412 0.525822 0.386541 0.522692 0.482003 0.472613 0.485133 0.466354 0.485133 0.460094 0.486698 0.458529 0.486698 0.452269
0 0.834116 0.472613 0.815336 0.416275 0.589984 0.419405 0.663537 0.489828 0.683881 0.488263 0.685446 0.486698 0.701095 0.486698 0.702660 0.485133 0.716745 0.485133 0.718310 0.483568 0.732394 0.483568 0.733959 0.482003 0.765258 0.480438 0.766823 0.478873 0.798122 0.477308 0.799687 0.475743 0.813772 0.475743 0.815336 0.474178 0.830986 0.474178
0 0.866980 0.452269 0.870110 0.452269 0.871674 0.453834 0.885759 0.453834 0.887324 0.455399 0.901408 0.455399 0.902973 0.456964 0.907668 0.456964 0.909233 0.455399 0.921753 0.453834 0.923318 0.452269 0.928013 0.452269 0.935837 0.449139 0.942097 0.449139 0.943662 0.447574 0.948357 0.447574 0.956182 0.444444 0.962441 0.444444 0.964006 0.442879 0.968701 0.442879 0.976526 0.439750 0.982786 0.439750 0.987480 0.436620 0.989045 0.427230 0.990610 0.425665 0.990610 0.420970 0.992175 0.419405 0.993740 0.410016 0.996870 0.403756 0.996870 0.399061 1.000000 0.392801 0.890454 0.384977 0.909233 0.424100 0.896714 0.435055 0.895149 0.435055 0.895149 0.444444 0.892019 0.446009 0.890454 0.444444 0.888889 0.433490 0.885759 0.427230 0.884194 0.416275 0.882629 0.416275 0.876369 0.428795 0.876369 0.431925 0.866980 0.449139