0 0.000000 0.970266 0.000000 0.998435 0.128326 0.998435 0.125196 0.992175 0.125196 0.989045 0.107981 0.971831 0.126761 0.953052 0.126761 0.951487 0.131455 0.946792 0.131455 0.945227 0.136150 0.940532 0.136150 0.938967 0.140845 0.934272 0.145540 0.926448 0.103286 0.926448 0.101721 0.924883 0.048513 0.924883
0 0.363067 0.923318 0.312989 0.921753 0.300469 0.943662 0.256651 0.937402 0.283255 0.974961 0.270736 0.993740 0.203443 0.987480 0.201878 0.985915 0.231612 0.962441 0.236307 0.953052 0.233177 0.949922 0.217527 0.946792 0.176839 0.996870 0.358372 0.993740 0.372457 0.976526 0.353678 0.962441
0 0.370892 0.874804 0.372457 0.874804 0.374022 0.873239 0.384977 0.873239 0.386541 0.871674 0.397496 0.871674 0.399061 0.870110 0.410016 0.870110 0.411581 0.868545 0.422535 0.868545 0.424100 0.866980 0.435055 0.866980 0.436620 0.865415 0.447574 0.865415 0.449139 0.863850 0.460094 0.863850 0.461659 0.862285 0.472613 0.862285 0.474178 0.860720 0.485133 0.860720 0.486698 0.859155 0.499218 0.859155 0.500782 0.857590 0.511737 0.857590 0.492958 0.857590 0.491393 0.856025 0.444444 0.856025 0.442879 0.854460 0.422535 0.854460 0.420970 0.856025 0.417840 0.856025 0.413146 0.859155 0.410016 0.859155 0.408451 0.860720 0.405321 0.860720 0.400626 0.863850 0.397496 0.863850 0.392801 0.866980 0.389671 0.866980 0.384977 0.870110 0.381847 0.870110 0.377152 0.873239 0.374022 0.873239 0.372457 0.874804
0 0.275430 0.881064 0.280125 0.885759 0.425665 0.920188 0.485133 0.902973 0.489828 0.995305 0.624413 0.993740 0.649452 0.964006 0.754304 0.984351 0.913928 0.982786 0.898279 0.962441 0.647887 0.943662 0.644757 0.938967 0.660407 0.862285 0.597809 0.871674 0.591549 0.840376 0.489828 0.892019 0.280125 0.873239
0 0.564945 0.812207 0.397496 0.816901 0.248826 0.824726 0.208138 0.834116 0.220657 0.848200 0.295775 0.848200 0.312989 0.852895 0.405321 0.846635 0.413146 0.843505 0.553991 0.838811
0 0.104851 0.802817 0.103286 0.801252 0.101721 0.801252 0.097027 0.804382 0.089202 0.805947 0.084507 0.809077 0.076682 0.810642 0.071987 0.813772 0.064163 0.815336 0.059468 0.818466 0.051643 0.820031 0.046948 0.823161 0.043818 0.823161 0.042254 0.824726 0.039124 0.824726 0.034429 0.827856 0.026604 0.829421 0.021909 0.832551 0.014085 0.834116 0.010955 0.838811 0.010955 0.846635 0.009390 0.848200 0.009390 0.854460 0.007825 0.856025 0.007825 0.863850 0.006260 0.865415 0.006260 0.873239 0.004695 0.874804 0.004695 0.879499 0.012520 0.879499 0.014085 0.877934 0.020344 0.877934 0.021909 0.876369 0.029734 0.876369 0.031299 0.874804 0.039124 0.874804 0.040689 0.873239 0.048513 0.873239 0.050078 0.871674 0.054773 0.870110 0.057903 0.866980 0.059468 0.866980 0.062598 0.863850 0.064163 0.863850 0.076682 0.854460 0.078247 0.854460 0.078247 0.852895 0.075117 0.849765 0.073552 0.849765 0.070423 0.846635 0.068858 0.846635 0.062598 0.841941 0.064163 0.840376 0.071987 0.837246 0.075117 0.834116 0.079812 0.832551 0.082942 0.829421 0.090767 0.826291 0.093897 0.823161 0.098592 0.821596 0.101721 0.818466 0.109546 0.815336 0.111111 0.813772 0.107981 0.810642
0 0.521127 0.741784 0.517997 0.740219 0.505477 0.740219 0.503912 0.738654 0.486698 0.738654 0.485133 0.740219 0.478873 0.740219 0.477308 0.741784 0.469484 0.741784 0.467919 0.743349 0.461659 0.743349 0.460094 0.744914 0.452269 0.744914 0.450704 0.746479 0.438185 0.748044 0.442879 0.758998 0.449139 0.768388 0.446009 0.771518 0.428795 0.774648 0.422535 0.777778 0.405321 0.780908 0.399061 0.784038 0.374022 0.784038 0.372457 0.785603 0.361502 0.785603 0.388106 0.812207 0.391236 0.810642 0.400626 0.810642 0.402191 0.809077 0.411581 0.809077 0.413146 0.807512 0.424100 0.807512 0.425665 0.805947 0.446009 0.804382 0.447574 0.802817 0.458529 0.802817 0.460094 0.801252 0.480438 0.799687 0.482003 0.798122 0.492958 0.798122 0.494523 0.796557 0.514867 0.794992 0.514867 0.788732 0.516432 0.787167 0.516432 0.774648 0.517997 0.773083 0.517997 0.760563 0.519562 0.758998 0.519562 0.746479 0.521127 0.744914
0 0.001565 0.748044 0.007825 0.748044 0.009390 0.746479 0.025039 0.746479 0.026604 0.744914 0.042254 0.744914 0.043818 0.743349 0.061033 0.743349 0.062598 0.741784 0.067293 0.741784 0.068858 0.740219 0.073552 0.738654 0.076682 0.735524 0.078247 0.735524 0.079812 0.733959 0.081377 0.733959 0.082942 0.732394 0.084507 0.732394 0.086072 0.730829 0.090767 0.729264 0.093897 0.726135 0.095462 0.726135 0.097027 0.724570 0.098592 0.724570 0.100156 0.723005 0.101721 0.723005 0.103286 0.721440 0.107981 0.719875 0.111111 0.716745 0.100156 0.702660 0.092332 0.702660 0.090767 0.701095 0.082942 0.701095 0.081377 0.699531 0.075117 0.699531 0.073552 0.697966 0.065728 0.697966 0.064163 0.696401 0.056338 0.696401 0.054773 0.694836 0.045383 0.694836 0.043818 0.696401 0.042254 0.696401 0.040689 0.697966 0.039124 0.697966 0.037559 0.699531 0.035994 0.699531 0.034429 0.701095 0.029734 0.702660 0.026604 0.705790 0.025039 0.705790 0.023474 0.707355 0.021909 0.707355 0.020344 0.708920 0.018779 0.708920 0.017214 0.710485 0.015649 0.710485 0.014085 0.712050 0.012520 0.712050 0.010955 0.713615 0.009390 0.713615 0.007825 0.715180 0.006260 0.715180 0.004695 0.716745 0.000000 0.718310 0.000000 0.730829 0.001565 0.732394
0 0.802817 0.621283 0.799687 0.621283 0.798122 0.622848 0.771518 0.622848 0.769953 0.624413 0.744914 0.624413 0.743349 0.625978 0.724570 0.625978 0.724570 0.627543 0.723005 0.629108 0.723005 0.633803 0.721440 0.635368 0.721440 0.638498 0.719875 0.640063 0.719875 0.643192 0.718310 0.644757 0.741784 0.644757 0.743349 0.646322 0.774648 0.646322 0.776213 0.647887 0.788732 0.647887 0.788732 0.646322 0.790297 0.644757 0.790297 0.643192 0.793427 0.640063 0.793427 0.638498 0.794992 0.636933 0.794992 0.635368 0.796557 0.633803 0.796557 0.632238 0.799687 0.629108 0.799687 0.627543 0.801252 0.625978 0.801252 0.624413 0.802817 0.622848
0 0.120501 0.442879 0.120501 0.488263 0.118936 0.489828 0.118936 0.580595 0.131455 0.580595 0.133020 0.582160 0.137715 0.582160 0.137715 0.558685 0.136150 0.557121 0.136150 0.533646 0.139280 0.530516 0.140845 0.530516 0.159624 0.511737 0.172144 0.511737 0.172144 0.502347 0.170579 0.500782 0.170579 0.489828 0.169014 0.488263 0.169014 0.475743 0.167449 0.474178 0.167449 0.463224 0.165884 0.461659 0.165884 0.450704 0.162754 0.449139 0.153365 0.449139 0.151800 0.447574 0.142410 0.447574 0.140845 0.446009 0.133020 0.446009 0.131455 0.444444 0.122066 0.444444
0 0.001565 0.458529 0.001565 0.464789 0.003130 0.466354 0.003130 0.483568 0.004695 0.485133 0.004695 0.502347 0.006260 0.503912 0.006260 0.519562 0.023474 0.496088 0.029734 0.489828 0.035994 0.497653 0.037559 0.502347 0.045383 0.508607 0.054773 0.513302 0.078247 0.519562 0.082942 0.522692 0.076682 0.541471 0.075117 0.552426 0.071987 0.558685 0.081377 0.572770 0.089202 0.588419 0.092332 0.588419 0.107981 0.580595 0.106416 0.579030 0.104851 0.450704 0.101721 0.449139 0.092332 0.449139 0.090767 0.447574 0.081377 0.447574 0.079812 0.446009 0.070423 0.446009 0.068858 0.444444 0.039124 0.441315 0.004695 0.458529
0 0.676056 0.424100 0.406886 0.438185 0.397496 0.458529 0.397496 0.463224 0.439750 0.547731 0.447574 0.525822 0.450704 0.524257 0.486698 0.550861 0.517997 0.550861 0.541471 0.546166 0.577465 0.561815 0.589984 0.561815 0.633803 0.552426 0.640063 0.513302 0.630673 0.489828 0.668232 0.469484