0 0.067293 0.946792 0.068858 0.948357 0.068858 0.949922 0.070423 0.951487 0.070423 0.953052 0.071987 0.954617 0.071987 0.956182 0.075117 0.956182 0.076682 0.957746 0.084507 0.957746 0.086072 0.959311 0.095462 0.959311 0.097027 0.960876 0.101721 0.960876 0.104851 0.957746 0.104851 0.956182 0.107981 0.953052 0.107981 0.951487 0.109546 0.949922 0.103286 0.949922 0.101721 0.948357 0.073552 0.948357 0.071987 0.946792
0 0.314554 0.859155 0.317684 0.859155 0.319249 0.860720 0.322379 0.860720 0.333333 0.865415 0.338028 0.865415 0.339593 0.866980 0.342723 0.866980 0.344288 0.868545 0.347418 0.868545 0.358372 0.873239 0.363067 0.873239 0.364632 0.874804 0.370892 0.874804 0.372457 0.873239 0.388106 0.873239 0.405321 0.885759 0.471049 0.885759 0.464789 0.881064 0.455399 0.881064 0.453834 0.879499 0.438185 0.879499 0.436620 0.877934 0.420970 0.877934 0.419405 0.876369 0.403756 0.876369 0.402191 0.874804 0.392801 0.874804 0.391236 0.873239 0.392801 0.871674 0.410016 0.871674 0.411581 0.870110 0.428795 0.870110 0.430360 0.868545 0.439750 0.868545 0.438185 0.863850 0.435055 0.860720 0.402191 0.860720 0.400626 0.859155
0 0.161189 0.851330 0.161189 0.865415 0.162754 0.865415 0.164319 0.866980 0.172144 0.866980 0.173709 0.868545 0.183099 0.868545 0.184664 0.870110 0.192488 0.870110 0.194053 0.871674 0.203443 0.871674 0.205008 0.873239 0.212833 0.873239 0.214397 0.874804 0.222222 0.874804 0.220657 0.873239 0.220657 0.871674 0.219092 0.870110 0.219092 0.868545 0.215962 0.865415 0.215962 0.863850 0.214397 0.862285 0.214397 0.860720 0.212833 0.859155 0.212833 0.857590 0.211268 0.856025 0.211268 0.854460 0.208138 0.851330
0 0.103286 0.846635 0.090767 0.846635 0.090767 0.849765 0.089202 0.851330 0.089202 0.856025 0.087637 0.857590 0.087637 0.862285 0.086072 0.863850 0.086072 0.866980 0.084507 0.868545 0.084507 0.873239 0.082942 0.874804 0.086072 0.877934 0.087637 0.877934 0.090767 0.881064 0.092332 0.881064 0.092332 0.876369 0.093897 0.874804 0.093897 0.870110 0.095462 0.868545 0.095462 0.863850 0.097027 0.862285 0.097027 0.860720 0.098592 0.859155 0.098592 0.856025 0.100156 0.854460 0.100156 0.852895 0.101721 0.851330 0.101721 0.848200
0 0.478873 0.834116 0.480438 0.834116 0.488263 0.840376 0.492958 0.841941 0.496088 0.845070 0.497653 0.845070 0.500782 0.848200 0.502347 0.848200 0.505477 0.851330 0.507042 0.851330 0.510172 0.854460 0.511737 0.854460 0.514867 0.857590 0.519562 0.859155 0.525822 0.863850 0.613459 0.863850 0.615023 0.862285 0.630673 0.862285 0.629108 0.862285 0.627543 0.860720 0.624413 0.860720 0.622848 0.859155 0.619718 0.859155 0.618153 0.857590 0.615023 0.857590 0.610329 0.854460 0.607199 0.854460 0.605634 0.852895 0.597809 0.851330 0.593114 0.848200 0.589984 0.848200 0.588419 0.846635 0.580595 0.845070 0.575900 0.841941 0.572770 0.841941 0.571205 0.840376 0.568075 0.840376 0.566510 0.838811 0.543036 0.838811 0.541471 0.837246 0.513302 0.837246 0.511737 0.835681 0.483568 0.835681 0.482003 0.834116
0 0.153365 0.826291 0.156495 0.829421 0.158059 0.829421 0.170579 0.841941 0.172144 0.841941 0.176839 0.846635 0.178404 0.845070 0.179969 0.845070 0.181534 0.843505 0.183099 0.843505 0.184664 0.841941 0.186228 0.841941 0.187793 0.840376 0.190923 0.840376 0.192488 0.838811 0.194053 0.838811 0.194053 0.837246 0.192488 0.835681 0.192488 0.834116 0.187793 0.829421 0.181534 0.829421 0.179969 0.827856 0.164319 0.827856 0.162754 0.826291
0 0.477308 0.820031 0.480438 0.820031 0.482003 0.821596 0.488263 0.821596 0.489828 0.820031 0.489828 0.818466 0.478873 0.818466
0 0.442879 0.809077 0.478873 0.809077 0.478873 0.807512 0.460094 0.807512 0.458529 0.809077
0 0.558685 0.804382 0.705790 0.879499 0.785603 0.873239 0.787167 0.871674 0.802817 0.871674 0.804382 0.870110 0.820031 0.870110 0.821596 0.868545 0.837246 0.868545 0.838811 0.866980 0.830986 0.865415 0.716745 0.820031 0.666667 0.804382 0.657277 0.799687 0.586854 0.802817 0.585290 0.804382
0 0.104851 0.773083 0.109546 0.777778 0.114241 0.777778 0.115806 0.779343 0.118936 0.779343 0.118936 0.776213 0.117371 0.774648 0.107981 0.774648 0.106416 0.773083
0 0.067293 0.769953 0.067293 0.779343 0.065728 0.780908 0.065728 0.782473 0.068858 0.782473 0.070423 0.784038 0.073552 0.784038 0.075117 0.785603 0.076682 0.785603 0.082942 0.779343 0.081377 0.777778 0.079812 0.777778 0.076682 0.774648 0.075117 0.774648 0.073552 0.773083 0.071987 0.773083 0.068858 0.769953
0 0.126761 0.782473 0.128326 0.782473 0.129890 0.784038 0.133020 0.784038 0.134585 0.785603 0.137715 0.785603 0.139280 0.787167 0.142410 0.787167 0.143975 0.788732 0.147105 0.788732 0.148670 0.790297 0.153365 0.790297 0.154930 0.791862 0.158059 0.791862 0.159624 0.793427 0.162754 0.793427 0.164319 0.794992 0.167449 0.794992 0.169014 0.796557 0.172144 0.796557 0.173709 0.798122 0.176839 0.798122 0.178404 0.799687 0.179969 0.798122 0.179969 0.791862 0.181534 0.790297 0.181534 0.784038 0.183099 0.782473 0.183099 0.776213 0.184664 0.774648 0.184664 0.773083 0.183099 0.773083 0.181534 0.771518 0.170579 0.771518 0.169014 0.769953 0.158059 0.769953 0.156495 0.768388 0.148670 0.768388 0.147105 0.769953 0.145540 0.769953 0.142410 0.773083 0.140845 0.773083 0.137715 0.776213 0.136150 0.776213 0.133020 0.779343 0.131455 0.779343 0.129890 0.780908 0.128326 0.780908
0 0.226917 0.762128 0.228482 0.762128 0.230047 0.763693 0.233177 0.763693 0.234742 0.765258 0.236307 0.765258 0.237872 0.766823 0.241002 0.766823 0.242567 0.768388 0.244131 0.768388 0.245696 0.769953 0.261346 0.769953 0.262911 0.771518 0.295775 0.771518 0.297340 0.773083 0.306729 0.773083 0.305164 0.773083 0.303599 0.771518 0.300469 0.771518 0.298905 0.769953 0.297340 0.769953 0.295775 0.768388 0.294210 0.768388 0.292645 0.766823 0.286385 0.766823 0.284820 0.765258 0.258216 0.765258 0.256651 0.763693 0.230047 0.763693 0.228482 0.762128
0 0.220657 0.779343 0.248826 0.812207 0.367762 0.809077 0.420970 0.843505 0.377152 0.827856 0.262911 0.832551 0.295775 0.838811 0.275430 0.851330 0.420970 0.843505 0.494523 0.890454 0.325509 0.892019 0.330203 0.920188 0.378717 0.996870 0.452269 0.981221 0.478873 0.998435 0.561815 0.996870 0.561815 0.989045 0.704225 0.998435 0.669797 0.968701 0.752739 0.979656 0.744914 0.931142 0.553991 0.901408 0.543036 0.892019 0.688576 0.887324 0.687011 0.877934 0.557121 0.882629 0.543036 0.892019 0.500782 0.856025 0.431925 0.818466 0.527387 0.816901 0.475743 0.791862 0.424100 0.794992 0.471049 0.796557 0.492958 0.812207 0.430360 0.818466 0.378717 0.787167 0.386541 0.782473 0.370892 0.782473 0.339593 0.760563 0.317684 0.777778
0 0.107981 0.754304 0.126761 0.773083 0.129890 0.773083 0.131455 0.771518 0.120501 0.760563 0.118936 0.760563 0.112676 0.754304
0 0.405321 0.757433 0.403756 0.757433 0.402191 0.755869 0.400626 0.755869 0.399061 0.754304 0.397496 0.754304 0.394366 0.751174 0.392801 0.751174 0.391236 0.749609 0.389671 0.749609 0.388106 0.748044 0.386541 0.748044 0.384977 0.746479 0.378717 0.746479 0.377152 0.748044 0.353678 0.748044 0.352113 0.749609 0.330203 0.749609 0.328638 0.751174 0.322379 0.751174 0.363067 0.751174 0.364632 0.752739 0.366197 0.752739 0.367762 0.754304 0.369327 0.754304 0.370892 0.755869 0.372457 0.755869 0.374022 0.757433 0.377152 0.757433 0.378717 0.758998 0.380282 0.758998 0.381847 0.760563 0.383412 0.760563 0.384977 0.762128 0.391236 0.762128 0.392801 0.760563 0.395931 0.760563 0.397496 0.758998 0.400626 0.758998 0.402191 0.757433
0 0.273865 0.746479 0.272300 0.746479 0.270736 0.748044 0.269171 0.748044 0.267606 0.749609 0.264476 0.749609 0.262911 0.751174 0.259781 0.751174 0.258216 0.752739 0.233177 0.752739 0.234742 0.754304 0.236307 0.754304 0.237872 0.755869 0.239437 0.755869 0.241002 0.757433 0.242567 0.757433 0.244131 0.758998 0.255086 0.758998 0.256651 0.757433 0.272300 0.757433 0.272300 0.749609 0.273865 0.748044
0 0.276995 0.735524 0.276995 0.737089 0.283255 0.737089 0.283255 0.735524
0 0.854460 0.733959 0.863850 0.738654 0.866980 0.738654 0.899844 0.755869 0.902973 0.755869 0.915493 0.762128 0.918623 0.765258 0.918623 0.771518 0.917058 0.773083 0.917058 0.788732 0.915493 0.790297 0.918623 0.790297 0.920188 0.791862 0.937402 0.791862 0.938967 0.793427 0.959311 0.793427 0.960876 0.791862 0.965571 0.791862 0.971831 0.788732 0.976526 0.788732 0.982786 0.785603 0.987480 0.785603 0.989045 0.784038 0.996870 0.782473 0.996870 0.773083 0.998435 0.771518 0.998435 0.752739 0.996870 0.751174 0.978091 0.751174 0.976526 0.749609 0.959311 0.749609 0.957746 0.748044 0.938967 0.748044 0.937402 0.746479 0.920188 0.746479 0.918623 0.744914 0.910798 0.744914 0.909233 0.743349 0.902973 0.743349 0.901408 0.741784 0.893584 0.741784 0.892019 0.740219 0.885759 0.740219 0.884194 0.738654 0.877934 0.738654 0.876369 0.737089 0.870110 0.737089 0.868545 0.735524 0.860720 0.735524 0.859155 0.733959
0 0.128326 0.732394 0.129890 0.733959 0.129890 0.735524 0.134585 0.740219 0.134585 0.741784 0.137715 0.744914 0.137715 0.746479 0.139280 0.748044 0.137715 0.746479 0.137715 0.744914 0.136150 0.743349 0.136150 0.741784 0.133020 0.738654 0.133020 0.737089 0.131455 0.735524 0.131455 0.733959 0.129890 0.733959
0 0.278560 0.726135 0.281690 0.729264 0.283255 0.729264 0.287950 0.733959 0.289515 0.733959 0.295775 0.740219 0.297340 0.740219 0.303599 0.746479 0.305164 0.746479 0.308294 0.749609 0.306729 0.751174 0.300469 0.751174 0.298905 0.749609 0.292645 0.749609 0.291080 0.748044 0.283255 0.748044 0.281690 0.746479 0.280125 0.746479 0.281690 0.748044 0.283255 0.748044 0.289515 0.754304 0.291080 0.754304 0.295775 0.758998 0.297340 0.758998 0.302034 0.763693 0.298905 0.760563 0.298905 0.758998 0.297340 0.757433 0.297340 0.755869 0.298905 0.754304 0.302034 0.754304 0.303599 0.752739 0.309859 0.752739 0.308294 0.751174 0.308294 0.748044 0.309859 0.746479 0.308294 0.746479 0.305164 0.743349 0.303599 0.743349 0.300469 0.740219 0.298905 0.740219 0.297340 0.738654 0.298905 0.737089 0.292645 0.737089 0.291080 0.735524 0.291080 0.733959 0.289515 0.733959 0.287950 0.732394 0.287950 0.730829 0.286385 0.729264 0.283255 0.729264 0.281690 0.727700 0.280125 0.727700
0 0.758998 0.735524 0.758998 0.737089 0.762128 0.737089 0.763693 0.738654 0.766823 0.738654 0.768388 0.740219 0.771518 0.740219 0.773083 0.741784 0.777778 0.741784 0.779343 0.743349 0.782473 0.743349 0.784038 0.744914 0.787167 0.744914 0.788732 0.746479 0.793427 0.746479 0.794992 0.748044 0.798122 0.748044 0.799687 0.749609 0.802817 0.749609 0.804382 0.751174 0.809077 0.751174 0.810642 0.752739 0.813772 0.752739 0.815336 0.754304 0.820031 0.754304 0.821596 0.755869 0.824726 0.755869 0.826291 0.757433 0.829421 0.757433 0.830986 0.758998 0.835681 0.758998 0.837246 0.760563 0.840376 0.760563 0.841941 0.762128 0.843505 0.762128 0.845070 0.763693 0.846635 0.763693 0.851330 0.766823 0.851330 0.763693 0.849765 0.762128 0.849765 0.758998 0.848200 0.757433 0.848200 0.754304 0.846635 0.752739 0.846635 0.749609 0.845070 0.748044 0.845070 0.744914 0.843505 0.743349 0.840376 0.743349 0.835681 0.740219 0.832551 0.740219 0.830986 0.738654 0.827856 0.738654 0.823161 0.735524 0.820031 0.735524 0.818466 0.733959 0.815336 0.733959 0.810642 0.730829 0.807512 0.730829 0.805947 0.729264 0.802817 0.729264 0.798122 0.726135 0.794992 0.726135 0.793427 0.724570 0.790297 0.724570 0.788732 0.723005 0.785603 0.723005 0.784038 0.721440 0.780908 0.721440 0.779343 0.719875 0.774648 0.719875 0.773083 0.718310 0.766823 0.718310 0.766823 0.719875 0.765258 0.721440 0.765258 0.724570 0.763693 0.726135 0.763693 0.727700 0.762128 0.729264 0.762128 0.730829
0 0.236307 0.702660 0.237872 0.702660 0.239437 0.704225 0.241002 0.704225 0.244131 0.707355 0.245696 0.707355 0.248826 0.710485 0.250391 0.710485 0.255086 0.715180 0.256651 0.715180 0.258216 0.716745 0.280125 0.716745 0.278560 0.716745 0.276995 0.715180 0.275430 0.715180 0.273865 0.713615 0.262911 0.713615 0.261346 0.712050 0.258216 0.712050 0.255086 0.708920 0.247261 0.708920 0.244131 0.705790 0.244131 0.704225 0.245696 0.702660 0.266041 0.702660 0.259781 0.696401 0.255086 0.696401 0.253521 0.697966 0.245696 0.697966 0.258216 0.697966 0.259781 0.699531 0.258216 0.701095 0.247261 0.701095 0.245696 0.702660
0 0.195618 0.707355 0.194053 0.707355 0.192488 0.705790 0.190923 0.705790 0.189358 0.704225 0.187793 0.704225 0.186228 0.702660 0.184664 0.702660 0.183099 0.701095 0.181534 0.701095 0.179969 0.699531 0.178404 0.699531 0.176839 0.697966 0.175274 0.697966 0.173709 0.696401 0.172144 0.696401 0.170579 0.694836 0.169014 0.694836 0.167449 0.696401 0.167449 0.701095 0.165884 0.702660 0.165884 0.704225 0.164319 0.705790 0.137715 0.705790 0.137715 0.707355 0.139280 0.708920 0.139280 0.710485 0.140845 0.712050 0.140845 0.713615 0.142410 0.715180 0.142410 0.718310 0.143975 0.719875 0.143975 0.721440 0.145540 0.723005 0.145540 0.724570 0.147105 0.726135 0.147105 0.727700 0.148670 0.729264 0.154930 0.729264 0.156495 0.730829 0.164319 0.730829 0.165884 0.732394 0.170579 0.732394 0.167449 0.732394 0.165884 0.730829 0.164319 0.730829 0.162754 0.729264 0.161189 0.729264 0.159624 0.727700 0.158059 0.727700 0.156495 0.726135 0.153365 0.726135 0.151800 0.724570 0.150235 0.724570 0.148670 0.723005 0.147105 0.723005 0.145540 0.721440 0.147105 0.719875 0.175274 0.719875 0.176839 0.718310 0.178404 0.718310 0.179969 0.716745 0.181534 0.716745 0.183099 0.715180 0.186228 0.715180 0.189358 0.712050 0.190923 0.712050
0 0.818466 0.680751 0.818466 0.690141 0.816901 0.691706 0.816901 0.701095 0.815336 0.702660 0.818466 0.704225 0.824726 0.704225 0.826291 0.705790 0.830986 0.705790 0.838811 0.708920 0.845070 0.708920 0.852895 0.712050 0.859155 0.712050 0.860720 0.713615 0.865415 0.713615 0.873239 0.716745 0.879499 0.716745 0.887324 0.719875 0.893584 0.719875 0.895149 0.721440 0.899844 0.721440 0.907668 0.724570 0.913928 0.724570 0.921753 0.727700 0.928013 0.727700 0.929577 0.729264 0.934272 0.729264 0.942097 0.732394 0.948357 0.732394 0.949922 0.733959 0.954617 0.733959 0.962441 0.737089 0.968701 0.737089 0.970266 0.738654 0.982786 0.740219 0.984351 0.741784 0.989045 0.741784 0.990610 0.743349 1.000000 0.744914 1.000000 0.713615 0.996870 0.713615 0.995305 0.712050 0.987480 0.712050 0.985915 0.710485 0.978091 0.710485 0.976526 0.708920 0.968701 0.708920 0.967136 0.707355 0.959311 0.707355 0.957746 0.705790 0.949922 0.705790 0.948357 0.704225 0.940532 0.704225 0.938967 0.702660 0.931142 0.702660 0.929577 0.701095 0.913928 0.699531 0.912363 0.697966 0.904538 0.697966 0.902973 0.696401 0.895149 0.696401 0.893584 0.694836 0.885759 0.694836 0.884194 0.693271 0.876369 0.693271 0.874804 0.691706 0.866980 0.691706 0.865415 0.690141 0.857590 0.690141 0.856025 0.688576 0.849765 0.688576 0.848200 0.687011 0.826291 0.683881
0 0.087637 0.677621 0.093897 0.683881 0.095462 0.682316 0.098592 0.682316 0.100156 0.680751 0.103286 0.680751 0.103286 0.679186 0.101721 0.679186 0.100156 0.677621
0 0.114241 0.677621 0.114241 0.680751 0.117371 0.680751 0.118936 0.679186 0.150235 0.679186 0.153365 0.682316 0.154930 0.682316 0.156495 0.683881 0.176839 0.683881 0.175274 0.683881 0.173709 0.682316 0.172144 0.682316 0.170579 0.680751 0.167449 0.680751 0.165884 0.679186 0.154930 0.679186 0.153365 0.677621 0.137715 0.677621 0.136150 0.676056 0.115806 0.676056
0 0.103286 0.666667 0.106416 0.666667 0.107981 0.668232 0.109546 0.668232 0.111111 0.669797 0.123631 0.669797 0.125196 0.671362 0.139280 0.671362 0.137715 0.671362 0.131455 0.665102 0.131455 0.661972 0.109546 0.661972 0.104851 0.666667
0 0.145540 0.655712 0.147105 0.657277 0.148670 0.657277 0.150235 0.658842 0.151800 0.658842 0.153365 0.657277 0.156495 0.657277 0.156495 0.655712
0 0.857590 0.654147 0.857590 0.661972 0.859155 0.663537 0.871674 0.666667 0.876369 0.669797 0.895149 0.672926 0.896714 0.674491 0.913928 0.676056 0.923318 0.679186 0.931142 0.679186 0.932707 0.680751 0.931142 0.682316 0.917058 0.682316 0.915493 0.680751 0.870110 0.679186 0.876369 0.679186 0.877934 0.680751 0.915493 0.687011 0.923318 0.690141 0.929577 0.690141 0.931142 0.691706 0.937402 0.691706 0.938967 0.693271 0.945227 0.693271 0.946792 0.694836 0.953052 0.694836 0.954617 0.696401 0.960876 0.696401 0.962441 0.697966 1.000000 0.704225 1.000000 0.696401 0.990610 0.694836 0.989045 0.693271 0.982786 0.693271 0.981221 0.691706 0.974961 0.691706 0.973396 0.690141 0.974961 0.688576 0.982786 0.688576 0.984351 0.690141 0.998435 0.691706 0.998435 0.680751 0.996870 0.676056 0.993740 0.674491 0.967136 0.671362 0.957746 0.668232 0.940532 0.666667 0.931142 0.663537 0.913928 0.661972 0.912363 0.660407 0.887324 0.657277 0.885759 0.655712 0.877934 0.655712 0.876369 0.654147
0 0.089202 0.654147 0.092332 0.654147 0.093897 0.655712 0.097027 0.655712 0.098592 0.657277 0.101721 0.657277 0.103286 0.658842 0.133020 0.658842 0.133020 0.655712 0.111111 0.655712 0.109546 0.654147
0 0.133020 0.646322 0.134585 0.646322 0.136150 0.647887 0.137715 0.647887 0.139280 0.649452 0.140845 0.647887 0.145540 0.647887 0.148670 0.651017 0.150235 0.649452 0.150235 0.647887 0.148670 0.647887 0.147105 0.646322
0 0.172144 0.638498 0.175274 0.641628 0.173709 0.643192 0.172144 0.643192 0.170579 0.644757 0.173709 0.644757 0.175274 0.646322 0.178404 0.646322 0.179969 0.647887 0.179969 0.643192 0.181534 0.641628 0.181534 0.638498
0 0.187793 0.619718 0.181534 0.613459 0.179969 0.615023 0.173709 0.615023 0.172144 0.616588 0.165884 0.616588 0.164319 0.618153 0.159624 0.618153 0.158059 0.619718 0.153365 0.619718 0.151800 0.621283 0.148670 0.621283 0.147105 0.622848 0.142410 0.622848 0.140845 0.624413 0.137715 0.624413 0.136150 0.625978 0.131455 0.625978 0.129890 0.627543 0.125196 0.627543 0.123631 0.629108 0.120501 0.629108 0.118936 0.630673 0.114241 0.630673 0.123631 0.630673 0.125196 0.629108 0.142410 0.629108 0.143975 0.627543 0.158059 0.627543 0.159624 0.625978 0.164319 0.625978 0.165884 0.624413 0.170579 0.624413 0.172144 0.622848 0.176839 0.622848 0.178404 0.621283 0.183099 0.621283 0.184664 0.619718
0 0.209703 0.619718 0.211268 0.619718 0.212833 0.621283 0.215962 0.621283 0.217527 0.622848 0.220657 0.622848 0.222222 0.624413 0.230047 0.624413 0.231612 0.625978 0.244131 0.625978 0.245696 0.627543 0.258216 0.627543 0.259781 0.629108 0.261346 0.629108 0.261346 0.611894 0.236307 0.611894 0.234742 0.613459 0.230047 0.613459 0.228482 0.615023 0.223787 0.615023 0.222222 0.616588 0.217527 0.616588 0.215962 0.618153 0.211268 0.618153