0 0.655712 0.959311 0.655712 0.996870 0.654147 0.998435 0.654147 1.000000 0.702660 1.000000 0.697966 0.995305 0.696401 0.995305 0.687011 0.985915 0.685446 0.985915 0.674491 0.974961 0.672926 0.974961 0.663537 0.965571 0.661972 0.965571
0 0.389671 0.918623 0.389671 0.928013 0.391236 0.929577 0.391236 0.964006 0.392801 0.965571 0.392801 1.000000 0.420970 1.000000 0.420970 0.970266 0.419405 0.968701 0.419405 0.954617 0.413146 0.948357 0.413146 0.946792 0.405321 0.938967 0.405321 0.937402 0.399061 0.931142 0.399061 0.929577 0.392801 0.923318 0.392801 0.921753
0 0.338028 0.854460 0.338028 0.870110 0.339593 0.871674 0.339593 0.892019 0.341158 0.893584 0.341158 0.915493 0.342723 0.917058 0.342723 0.937402 0.344288 0.938967 0.344288 0.960876 0.345853 0.962441 0.345853 0.982786 0.347418 0.984351 0.347418 1.000000 0.366197 1.000000 0.366197 0.989045 0.364632 0.987480 0.364632 0.968701 0.363067 0.967136 0.363067 0.949922 0.361502 0.948357 0.361502 0.929577 0.359937 0.928013 0.359937 0.910798 0.358372 0.909233 0.358372 0.890454 0.356808 0.888889 0.356808 0.879499
0 0.525822 0.846635 0.527387 1.000000 0.621283 1.000000 0.621283 0.992175 0.622848 0.990610 0.622848 0.934272 0.624413 0.931142
0 0.294210 0.801252 0.294210 0.813772 0.295775 0.815336 0.295775 0.834116 0.297340 0.835681 0.297340 0.852895 0.298905 0.854460 0.298905 0.871674 0.300469 0.873239 0.300469 0.892019 0.302034 0.893584 0.302034 0.910798 0.303599 0.912363 0.303599 0.929577 0.305164 0.931142 0.305164 0.949922 0.306729 0.951487 0.306729 0.968701 0.308294 0.970266 0.308294 0.987480 0.309859 0.989045 0.309859 1.000000 0.320814 1.000000 0.320814 0.992175 0.319249 0.990610 0.319249 0.968701 0.317684 0.967136 0.317684 0.946792 0.316119 0.945227 0.316119 0.923318 0.314554 0.921753 0.314554 0.901408 0.312989 0.899844 0.312989 0.877934 0.311424 0.876369 0.311424 0.854460 0.309859 0.852895 0.309859 0.832551 0.308294 0.830986 0.308294 0.816901
0 0.234742 0.788732 0.233177 0.790297 0.234742 0.791862 0.234742 0.807512 0.236307 0.809077 0.236307 0.823161 0.237872 0.824726 0.237872 0.840376 0.239437 0.841941 0.239437 0.856025 0.241002 0.857590 0.241002 0.873239 0.242567 0.874804 0.242567 0.890454 0.244131 0.892019 0.244131 0.906103 0.245696 0.907668 0.245696 0.923318 0.247261 0.924883 0.247261 0.929577 0.248826 0.931142 0.248826 0.932707 0.251956 0.935837 0.251956 0.932707 0.250391 0.931142 0.250391 0.918623 0.248826 0.917058 0.248826 0.904538 0.247261 0.902973 0.247261 0.888889 0.245696 0.887324 0.245696 0.874804 0.244131 0.873239 0.244131 0.860720 0.242567 0.859155 0.242567 0.846635 0.241002 0.845070 0.241002 0.832551 0.239437 0.830986 0.239437 0.816901 0.237872 0.815336 0.237872 0.802817 0.236307 0.801252 0.236307 0.788732
0 0.442879 0.774648 0.450704 0.960876 0.482003 1.000000 0.496088 1.000000 0.496088 0.951487 0.494523 0.949922 0.494523 0.898279 0.492958 0.896714 0.491393 0.813772
0 0.262911 0.766823 0.259781 0.768388 0.259781 0.769953 0.261346 0.771518 0.262911 0.805947 0.264476 0.807512 0.264476 0.823161 0.266041 0.824726 0.266041 0.841941 0.267606 0.843505 0.267606 0.859155 0.269171 0.860720 0.269171 0.877934 0.270736 0.879499 0.270736 0.896714 0.272300 0.898279 0.273865 0.932707 0.275430 0.934272 0.275430 0.949922 0.276995 0.951487 0.276995 0.968701 0.278560 0.970266 0.278560 0.974961 0.283255 0.981221 0.283255 0.967136 0.281690 0.965571 0.281690 0.951487 0.280125 0.949922 0.280125 0.934272 0.278560 0.932707 0.278560 0.918623 0.276995 0.917058 0.276995 0.901408 0.275430 0.899844 0.275430 0.884194 0.273865 0.882629 0.272300 0.851330 0.270736 0.849765 0.269171 0.818466 0.267606 0.816901 0.266041 0.785603 0.264476 0.784038 0.264476 0.769953
0 0.298905 0.718310 0.291080 0.726135 0.289515 0.726135 0.287950 0.727700 0.287950 0.737089 0.289515 0.738654 0.289515 0.765258 0.291080 0.766823 0.291080 0.771518 0.302034 0.782473 0.302034 0.784038 0.305164 0.787167 0.305164 0.777778 0.303599 0.776213 0.303599 0.760563 0.302034 0.758998 0.302034 0.741784 0.300469 0.740219 0.300469 0.724570 0.298905 0.723005
0 0.377152 0.716745 0.386541 0.881064 0.417840 0.921753 0.417840 0.896714 0.416275 0.895149 0.416275 0.865415 0.414710 0.863850 0.414710 0.832551 0.413146 0.830986 0.413146 0.799687 0.411581 0.798122 0.411581 0.766823 0.410016 0.765258 0.410016 0.746479
0 0.331768 0.680751 0.325509 0.687011 0.325509 0.693271 0.327074 0.694836 0.327074 0.716745 0.328638 0.718310 0.328638 0.740219 0.330203 0.741784 0.330203 0.765258 0.331768 0.766823 0.331768 0.788732 0.333333 0.790297 0.333333 0.812207 0.334898 0.813772 0.334898 0.821596 0.347418 0.835681 0.347418 0.837246 0.355243 0.845070 0.355243 0.827856 0.353678 0.826291 0.353678 0.804382 0.352113 0.802817 0.352113 0.782473 0.350548 0.780908 0.350548 0.758998 0.348983 0.757433 0.348983 0.737089 0.347418 0.735524 0.347418 0.713615 0.345853 0.712050 0.345853 0.693271 0.342723 0.690141 0.341158 0.690141
0 0.391236 0.355243 0.381847 0.367762 0.402191 0.405321 0.372457 0.647887 0.406886 0.671362 0.402191 0.586854 0.430360 0.575900 0.439750 0.697966 0.488263 0.732394 0.485133 0.630673 0.503912 0.613459 0.514867 0.616588 0.522692 0.758998 0.625978 0.835681 0.627543 0.696401 0.643192 0.668232 0.660407 0.676056 0.663537 0.865415 0.845070 1.000000 1.000000 1.000000 0.964006 0.946792 0.619718 0.615023 0.532081 0.489828 0.467919 0.419405 0.460094 0.395931 0.420970 0.367762 0.424100 0.344288