0 0.701095 0.937402 0.701095 0.976526 0.740219 0.976526 0.741784 0.974961 0.748044 0.974961 0.743349 0.970266 0.741784 0.970266 0.735524 0.964006 0.733959 0.964006 0.727700 0.957746 0.726135 0.957746 0.719875 0.951487 0.718310 0.951487 0.712050 0.945227 0.710485 0.945227 0.704225 0.938967 0.702660 0.938967
0 0.433490 0.906103 0.433490 0.920188 0.435055 0.921753 0.435055 0.937402 0.436620 0.938967 0.436620 0.954617 0.438185 0.956182 0.438185 0.971831 0.439750 0.973396 0.439750 0.985915 0.467919 0.985915 0.467919 0.978091 0.466354 0.976526 0.466354 0.957746 0.464789 0.956182 0.464789 0.942097 0.461659 0.938967 0.461659 0.937402 0.450704 0.926448 0.450704 0.924883 0.439750 0.913928 0.439750 0.912363
0 0.377152 0.841941 0.377152 0.845070 0.378717 0.846635 0.378717 0.859155 0.380282 0.860720 0.380282 0.871674 0.381847 0.873239 0.381847 0.885759 0.383412 0.887324 0.383412 0.899844 0.384977 0.901408 0.384977 0.912363 0.386541 0.913928 0.386541 0.926448 0.388106 0.928013 0.388106 0.940532 0.389671 0.942097 0.389671 0.953052 0.391236 0.954617 0.391236 0.967136 0.392801 0.968701 0.392801 0.981221 0.394366 0.982786 0.394366 0.987480 0.413146 0.987480 0.413146 0.982786 0.411581 0.981221 0.411581 0.970266 0.410016 0.968701 0.410016 0.957746 0.408451 0.956182 0.408451 0.946792 0.406886 0.945227 0.406886 0.934272 0.405321 0.932707 0.405321 0.921753 0.403756 0.920188 0.403756 0.909233 0.402191 0.907668 0.402191 0.896714 0.400626 0.895149 0.400626 0.884194 0.399061 0.882629 0.399061 0.871674 0.397496 0.870110 0.397496 0.865415 0.389671 0.857590 0.389671 0.856025 0.380282 0.846635 0.380282 0.845070
0 0.564945 0.827856 0.574335 0.981221 0.605634 0.981221 0.607199 0.979656 0.649452 0.979656 0.651017 0.978091 0.668232 0.978091 0.668232 0.928013 0.666667 0.926448 0.666667 0.907668 0.665102 0.907668 0.627543 0.876369 0.619718 0.871674 0.613459 0.865415 0.611894 0.865415 0.605634 0.859155 0.604069 0.859155 0.597809 0.852895 0.596244 0.852895 0.589984 0.846635 0.588419 0.846635 0.582160 0.840376 0.580595 0.840376
0 0.331768 0.791862 0.331768 0.801252 0.333333 0.802817 0.333333 0.812207 0.334898 0.813772 0.334898 0.824726 0.336463 0.826291 0.336463 0.837246 0.338028 0.838811 0.338028 0.849765 0.339593 0.851330 0.339593 0.862285 0.341158 0.863850 0.342723 0.885759 0.344288 0.887324 0.344288 0.898279 0.345853 0.899844 0.345853 0.910798 0.347418 0.912363 0.347418 0.923318 0.348983 0.924883 0.350548 0.946792 0.352113 0.948357 0.352113 0.959311 0.353678 0.960876 0.353678 0.971831 0.355243 0.973396 0.355243 0.984351 0.356808 0.985915 0.356808 0.989045 0.367762 0.989045 0.366197 0.985915 0.364632 0.960876 0.363067 0.959311 0.363067 0.946792 0.361502 0.945227 0.359937 0.920188 0.358372 0.918623 0.358372 0.906103 0.356808 0.904538 0.355243 0.879499 0.353678 0.877934 0.352113 0.851330 0.350548 0.849765 0.350548 0.838811 0.348983 0.837246 0.347418 0.810642 0.345853 0.809077 0.345853 0.804382
0 0.272300 0.779343 0.270736 0.780908 0.270736 0.787167 0.272300 0.788732 0.272300 0.798122 0.273865 0.799687 0.273865 0.809077 0.275430 0.810642 0.275430 0.820031 0.276995 0.821596 0.276995 0.830986 0.278560 0.832551 0.278560 0.841941 0.280125 0.843505 0.280125 0.852895 0.281690 0.854460 0.281690 0.863850 0.283255 0.865415 0.283255 0.874804 0.284820 0.876369 0.284820 0.887324 0.286385 0.888889 0.286385 0.898279 0.287950 0.899844 0.287950 0.909233 0.289515 0.910798 0.289515 0.920188 0.295775 0.926448 0.295775 0.928013 0.295775 0.926448 0.294210 0.924883 0.294210 0.917058 0.292645 0.915493 0.292645 0.906103 0.291080 0.904538 0.291080 0.896714 0.289515 0.895149 0.289515 0.885759 0.287950 0.884194 0.287950 0.876369 0.286385 0.874804 0.286385 0.865415 0.284820 0.863850 0.284820 0.856025 0.283255 0.854460 0.283255 0.846635 0.281690 0.845070 0.281690 0.835681 0.280125 0.834116 0.280125 0.826291 0.278560 0.824726 0.278560 0.815336 0.276995 0.813772 0.276995 0.805947 0.275430 0.804382 0.275430 0.794992 0.273865 0.793427 0.273865 0.785603 0.272300 0.784038
0 0.478873 0.758998 0.478873 0.763693 0.480438 0.765258 0.480438 0.780908 0.482003 0.782473 0.482003 0.798122 0.483568 0.799687 0.483568 0.815336 0.485133 0.816901 0.486698 0.851330 0.488263 0.852895 0.488263 0.868545 0.489828 0.870110 0.491393 0.904538 0.492958 0.906103 0.492958 0.921753 0.494523 0.923318 0.494523 0.940532 0.497653 0.948357 0.527387 0.982786 0.543036 0.982786 0.541471 0.948357 0.539906 0.946792 0.539906 0.928013 0.538341 0.926448 0.538341 0.907668 0.536776 0.906103 0.536776 0.885759 0.535211 0.884194 0.535211 0.865415 0.533646 0.863850 0.533646 0.845070 0.532081 0.843505 0.532081 0.824726 0.530516 0.823161 0.530516 0.804382 0.528951 0.802817 0.528951 0.796557
0 0.298905 0.757433 0.295775 0.758998 0.295775 0.760563 0.297340 0.762128 0.297340 0.773083 0.298905 0.774648 0.300469 0.796557 0.302034 0.798122 0.302034 0.807512 0.303599 0.809077 0.303599 0.820031 0.305164 0.821596 0.305164 0.830986 0.306729 0.832551 0.306729 0.843505 0.308294 0.845070 0.308294 0.854460 0.309859 0.856025 0.309859 0.866980 0.311424 0.868545 0.311424 0.877934 0.312989 0.879499 0.312989 0.890454 0.314554 0.892019 0.314554 0.901408 0.316119 0.902973 0.316119 0.913928 0.317684 0.915493 0.317684 0.924883 0.319249 0.926448 0.319249 0.937402 0.320814 0.938967 0.320814 0.948357 0.322379 0.949922 0.322379 0.960876 0.330203 0.973396 0.330203 0.970266 0.328638 0.968701 0.328638 0.959311 0.327074 0.957746 0.327074 0.948357 0.325509 0.946792 0.325509 0.937402 0.323944 0.935837 0.323944 0.926448 0.322379 0.924883 0.322379 0.915493 0.320814 0.913928 0.320814 0.904538 0.319249 0.902973 0.319249 0.893584 0.317684 0.892019 0.317684 0.882629 0.316119 0.881064 0.316119 0.871674 0.314554 0.870110 0.314554 0.860720 0.312989 0.859155 0.312989 0.849765 0.311424 0.848200 0.311424 0.838811 0.309859 0.837246 0.309859 0.827856 0.308294 0.826291 0.308294 0.816901 0.306729 0.815336 0.306729 0.805947 0.305164 0.804382 0.305164 0.794992 0.303599 0.793427 0.303599 0.784038 0.302034 0.782473 0.302034 0.773083 0.300469 0.771518 0.300469 0.760563
0 0.331768 0.707355 0.331768 0.708920 0.322379 0.718310 0.322379 0.727700 0.323944 0.729264 0.323944 0.743349 0.325509 0.744914 0.325509 0.757433 0.327074 0.758998 0.327074 0.760563 0.341158 0.774648 0.341158 0.765258 0.339593 0.763693 0.339593 0.754304 0.338028 0.752739 0.338028 0.741784 0.336463 0.740219 0.336463 0.730829 0.334898 0.729264 0.334898 0.719875 0.333333 0.718310 0.333333 0.707355
0 0.410016 0.702660 0.410016 0.705790 0.411581 0.707355 0.411581 0.719875 0.413146 0.721440 0.414710 0.749609 0.416275 0.751174 0.416275 0.765258 0.417840 0.766823 0.417840 0.780908 0.419405 0.782473 0.419405 0.794992 0.420970 0.796557 0.420970 0.810642 0.422535 0.812207 0.422535 0.824726 0.424100 0.826291 0.424100 0.840376 0.425665 0.841941 0.427230 0.866980 0.461659 0.909233 0.461659 0.904538 0.460094 0.902973 0.460094 0.887324 0.458529 0.885759 0.458529 0.871674 0.456964 0.870110 0.456964 0.854460 0.455399 0.852895 0.455399 0.837246 0.453834 0.835681 0.453834 0.821596 0.452269 0.820031 0.450704 0.788732 0.449139 0.787167 0.447574 0.755869 0.446009 0.754304 0.446009 0.738654 0.444444 0.737089 0.444444 0.732394
0 0.363067 0.669797 0.358372 0.674491 0.358372 0.685446 0.359937 0.687011 0.359937 0.699531 0.361502 0.701095 0.361502 0.713615 0.363067 0.715180 0.363067 0.727700 0.364632 0.729264 0.364632 0.741784 0.366197 0.743349 0.366197 0.755869 0.367762 0.757433 0.367762 0.769953 0.369327 0.771518 0.369327 0.784038 0.370892 0.785603 0.370892 0.798122 0.372457 0.799687 0.372457 0.809077 0.395931 0.834116 0.394366 0.832551 0.394366 0.820031 0.392801 0.818466 0.392801 0.805947 0.391236 0.804382 0.391236 0.793427 0.389671 0.791862 0.389671 0.779343 0.388106 0.777778 0.388106 0.766823 0.386541 0.765258 0.386541 0.752739 0.384977 0.751174 0.384977 0.738654 0.383412 0.737089 0.383412 0.726135 0.381847 0.724570 0.381847 0.712050 0.380282 0.710485 0.380282 0.697966 0.378717 0.696401 0.378717 0.685446 0.377152 0.683881 0.377152 0.680751 0.374022 0.677621 0.372457 0.677621 0.364632 0.669797
0 0.408451 0.341158 0.399061 0.353678 0.420970 0.391236 0.402191 0.635368 0.438185 0.657277 0.428795 0.572770 0.449139 0.558685 0.460094 0.561815 0.471049 0.679186 0.522692 0.715180 0.514867 0.613459 0.532081 0.596244 0.546166 0.599374 0.558685 0.741784 0.665102 0.813772 0.660407 0.672926 0.674491 0.646322 0.690141 0.652582 0.697966 0.837246 0.892019 0.970266 1.000000 0.967136 1.000000 0.906103 0.649452 0.594679 0.557121 0.474178 0.488263 0.403756 0.478873 0.380282 0.438185 0.352113 0.441315 0.328638